function [hds,Muxes,Plates,Mats,Coords,MPind] = LocInfo % (Location)
U=[
4120	4138	4111	4146	4174	4211	4184	4202	4248	4266	4239	4274	4302	4339	4312	4330	4376	4394	4367	4402	4430	4467	4440	4458	4504	4522	4495	4530	4558	4595	4568	4586	4632	4650	4623	4658	4686	4723	4696	4714	4760	4778	4751	4786	4814	4851	4824	4842	4888	4906	4879	4914	4942	4979	4952	4970	5016	5034	5007	5042	5070	5107	5080	5098
4119	4137	4110	4147	4175	4210	4183	4201	4247	4265	4238	4275	4303	4338	4311	4329	4375	4393	4366	4403	4431	4466	4439	4457	4503	4521	4494	4531	4559	4594	4567	4585	4631	4649	4622	4659	4687	4722	4695	4713	4759	4777	4750	4787	4815	4850	4823	4841	4887	4905	4878	4915	4943	4978	4951	4969	5015	5033	5006	5043	5071	5106	5079	5097
4121	4139	4104	4153	4167	4212	4185	4203	4249	4267	4232	4281	4295	4340	4313	4331	4377	4395	4360	4409	4423	4468	4441	4459	4505	4523	4488	4537	4551	4596	4569	4587	4633	4651	4616	4665	4679	4724	4697	4715	4761	4779	4744	4793	4807	4852	4825	4843	4889	4907	4872	4921	4935	4980	4953	4971	5017	5035	5000	5049	5063	5108	5081	5099
4118	4136	4103	4148	4168	4217	4182	4200	4246	4264	4231	4276	4296	4345	4310	4328	4374	4392	4359	4404	4424	4473	4438	4456	4502	4520	4487	4532	4552	4601	4566	4584	4630	4648	4615	4660	4680	4729	4694	4712	4758	4776	4743	4788	4808	4857	4822	4840	4886	4904	4871	4916	4936	4985	4950	4968	5014	5032	4999	5044	5064	5113	5078	5096
4117	4133	4108	4149	4164	4221	4181	4197	4245	4261	4236	4277	4292	4349	4309	4325	4373	4389	4364	4405	4420	4477	4437	4453	4501	4517	4492	4533	4548	4605	4565	4581	4629	4645	4620	4661	4676	4733	4693	4709	4757	4773	4748	4789	4804	4861	4821	4837	4885	4901	4876	4917	4932	4989	4949	4965	5013	5029	5004	5045	5060	5117	5077	5093
4124	4142	4100	4157	4172	4213	4188	4206	4252	4270	4228	4285	4300	4341	4316	4334	4380	4398	4356	4413	4428	4469	4444	4462	4508	4526	4484	4541	4556	4597	4572	4590	4636	4654	4612	4669	4684	4725	4700	4718	4764	4782	4740	4797	4812	4853	4828	4846	4892	4910	4868	4925	4940	4981	4956	4974	5020	5038	4996	5053	5068	5109	5084	5102
4116	4135	4101	4150	4166	4219	4180	4199	4244	4263	4229	4278	4294	4347	4308	4327	4372	4391	4357	4406	4422	4475	4436	4455	4500	4519	4485	4534	4550	4603	4564	4583	4628	4647	4613	4662	4678	4731	4692	4711	4756	4775	4741	4790	4806	4859	4820	4839	4884	4903	4869	4918	4934	4987	4948	4967	5012	5031	4997	5046	5062	5115	5076	5095
4122	4140	4102	4155	4165	4214	4186	4204	4250	4268	4230	4283	4293	4342	4314	4332	4378	4396	4358	4411	4421	4470	4442	4460	4506	4524	4486	4539	4549	4598	4570	4588	4634	4652	4614	4667	4677	4726	4698	4716	4762	4780	4742	4795	4805	4854	4826	4844	4890	4908	4870	4923	4933	4982	4954	4972	5018	5036	4998	5051	5061	5110	5082	5100
4125	4141	4109	4154	4161	4216	4189	4205	4253	4269	4237	4282	4289	4344	4317	4333	4381	4397	4365	4410	4417	4472	4445	4461	4509	4525	4493	4538	4545	4600	4573	4589	4637	4653	4621	4666	4673	4728	4701	4717	4765	4781	4749	4794	4801	4856	4829	4845	4893	4909	4877	4922	4929	4984	4957	4973	5021	5037	5005	5050	5057	5112	5085	5101
4115	4131	4099	4159	4173	4218	4179	4195	4243	4259	4227	4287	4301	4346	4307	4323	4371	4387	4355	4415	4429	4474	4435	4451	4499	4515	4483	4543	4557	4602	4563	4579	4627	4643	4611	4671	4685	4730	4691	4707	4755	4771	4739	4799	4813	4858	4819	4835	4883	4899	4867	4927	4941	4986	4947	4963	5011	5027	4995	5055	5069	5114	5075	5091
4128	4145	4123	4134	4163	4223	4192	4209	4256	4273	4251	4262	4291	4351	4320	4337	4384	4401	4379	4390	4419	4479	4448	4465	4512	4529	4507	4518	4547	4607	4576	4593	4640	4657	4635	4646	4675	4735	4704	4721	4768	4785	4763	4774	4803	4863	4832	4849	4896	4913	4891	4902	4931	4991	4960	4977	5024	5041	5019	5030	5059	5119	5088	5105
4112	4130	4097	4152	4187	4198	4176	4194	4240	4258	4225	4280	4315	4326	4304	4322	4368	4386	4353	4408	4443	4454	4432	4450	4496	4514	4481	4536	4571	4582	4560	4578	4624	4642	4609	4664	4699	4710	4688	4706	4752	4770	4737	4792	4827	4838	4816	4834	4880	4898	4865	4920	4955	4966	4944	4962	5008	5026	4993	5048	5083	5094	5072	5090
4113	4132	4106	4156	4162	4222	4177	4196	4241	4260	4234	4284	4290	4350	4305	4324	4369	4388	4362	4412	4418	4478	4433	4452	4497	4516	4490	4540	4546	4606	4561	4580	4625	4644	4618	4668	4674	4734	4689	4708	4753	4772	4746	4796	4802	4862	4817	4836	4881	4900	4874	4924	4930	4990	4945	4964	5009	5028	5002	5052	5058	5118	5073	5092
4126	4143	4098	4158	4160	4215	4190	4207	4254	4271	4226	4286	4288	4343	4318	4335	4382	4399	4354	4414	4416	4471	4446	4463	4510	4527	4482	4542	4544	4599	4574	4591	4638	4655	4610	4670	4672	4727	4702	4719	4766	4783	4738	4798	4800	4855	4830	4847	4894	4911	4866	4926	4928	4983	4958	4975	5022	5039	4994	5054	5056	5111	5086	5103
4114	4129	4096	4151	4171	4169	4178	4193	4242	4257	4224	4279	4299	4297	4306	4321	4370	4385	4352	4407	4427	4425	4434	4449	4498	4513	4480	4535	4555	4553	4562	4577	4626	4641	4608	4663	4683	4681	4690	4705	4754	4769	4736	4791	4811	4809	4818	4833	4882	4897	4864	4919	4939	4937	4946	4961	5010	5025	4992	5047	5067	5065	5074	5089
4127	4144	4107	4105	4170	4220	4191	4208	4255	4272	4235	4233	4298	4348	4319	4336	4383	4400	4363	4361	4426	4476	4447	4464	4511	4528	4491	4489	4554	4604	4575	4592	4639	4656	4619	4617	4682	4732	4703	4720	4767	4784	4747	4745	4810	4860	4831	4848	4895	4912	4875	4873	4938	4988	4959	4976	5023	5040	5003	5001	5066	5116	5087	5104
]; % 4096...5119
